"acalzas": {
    "dates": ["2016-05-31", "2016-06-01", "2016-06-02", "2016-06-03", "2016-06-06", "2016-06-07", "2016-06-08", "2016-06-09", "2016-06-10", "2016-06-13"],
    "matrix": [
        [0.0, 0.03, 0.01, 0.02, 0.04, 0.01, 0.01, 0.01, 0.01, 0.02],
        [0.03, 0.0, 0.03, 0.01, 0.01, 0.03, 0.02, 0.07, 0.02, 0.01],
        [0.01, 0.03, 0.0, 0.01, 0.02, 0.0, 0.01, 0.01, 0.01, 0.01],
        [0.02, 0.01, 0.01, 0.0, 0.01, 0.02, 0.01, 0.04, 0.01, 0.01],
        [0.04, 0.01, 0.02, 0.01, 0.0, 0.03, 0.01, 0.07, 0.01, 0.02],
        [0.01, 0.03, 0.0, 0.02, 0.03, 0.0, 0.01, 0.02, 0.01, 0.02],
        [0.01, 0.02, 0.01, 0.01, 0.01, 0.01, 0.0, 0.03, 0.0, 0.02],
        [0.01, 0.07, 0.01, 0.04, 0.07, 0.02, 0.03, 0.0, 0.03, 0.04],
        [0.01, 0.02, 0.01, 0.01, 0.01, 0.01, 0.0, 0.03, 0.0, 0.01],
        [0.02, 0.01, 0.01, 0.01, 0.02, 0.02, 0.02, 0.04, 0.01, 0.0]
    ]
},
"acampo": {
    "dates": ["2016-05-31", "2016-06-01", "2016-06-02", "2016-06-03", "2016-06-07", "2016-06-08", "2016-06-09", "2016-06-10", "2016-06-13"],
    "matrix": [
        [0.0, 0.04, 1.91, 0.0, 0.04, 0.0, 1.91, 0.0, 2.02],
        [0.04, 0.0, 1.8, 0.04, 0.0, 0.04, 1.8, 0.04, 2.31],
        [1.91, 1.8, 0.0, 1.91, 1.8, 1.91, 0.0, 1.91, 10.96],
        [0.0, 0.04, 1.91, 0.0, 0.04, 0.0, 1.91, 0.0, 2.02],
        [0.04, 0.0, 1.8, 0.04, 0.0, 0.04, 1.8, 0.04, 2.31],
        [0.0, 0.04, 1.91, 0.0, 0.04, 0.0, 1.91, 0.0, 2.03],
        [1.91, 1.8, 0.0, 1.91, 1.8, 1.91, 0.0, 1.91, 10.96],
        [0.0, 0.04, 1.91, 0.0, 0.04, 0.0, 1.91, 0.0, 2.03],
        [2.02, 2.31, 10.96, 2.02, 2.31, 2.03, 10.96, 2.03, 0.0]
    ]
},
"agerard": {
    "dates": ["2016-05-31", "2016-06-01", "2016-06-02", "2016-06-03", "2016-06-06", "2016-06-07", "2016-06-08", "2016-06-09", "2016-06-10", "2016-06-13"],
    "matrix": [
        [0.0, 0.15, 0.0, 0.74, 0.0, 0.01, 0.0, 0.0, 0.0, 0.68],
        [0.15, 0.0, 0.15, 0.06, 0.15, 0.15, 0.15, 0.15, 0.15, 0.06],
        [0.0, 0.15, 0.0, 0.74, 0.01, 0.02, 0.01, 0.0, 0.01, 0.68],
        [0.74, 0.06, 0.74, 0.0, 0.74, 0.74, 0.74, 0.74, 0.74, 0.0],
        [0.0, 0.15, 0.01, 0.74, 0.0, 0.0, 0.0, 0.01, 0.0, 0.69],
        [0.01, 0.15, 0.02, 0.74, 0.0, 0.0, 0.0, 0.01, 0.0, 0.7],
        [0.0, 0.15, 0.01, 0.74, 0.0, 0.0, 0.0, 0.0, 0.0, 0.69],
        [0.0, 0.15, 0.0, 0.74, 0.01, 0.01, 0.0, 0.0, 0.01, 0.68],
        [0.0, 0.15, 0.01, 0.74, 0.0, 0.0, 0.0, 0.01, 0.0, 0.69],
        [0.68, 0.06, 0.68, 0.0, 0.69, 0.7, 0.69, 0.68, 0.69, 0.0]
    ]
},
"ahafon": {
    "dates": ["2016-05-31", "2016-06-01", "2016-06-02", "2016-06-03", "2016-06-06", "2016-06-07", "2016-06-08", "2016-06-09", "2016-06-10", "2016-06-13"],
    "matrix": [
        [0.0, 0.01, 0.01, 0.02, 0.01, 0.0, 0.02, 0.0, 0.01, 0.01],
        [0.01, 0.0, 0.01, 0.0, 0.0, 0.01, 0.01, 0.02, 0.03, 0.0],
        [0.01, 0.01, 0.0, 0.02, 0.01, 0.01, 0.01, 0.01, 0.0, 0.01],
        [0.02, 0.0, 0.02, 0.0, 0.0, 0.02, 0.0, 0.02, 0.03, 0.01],
        [0.01, 0.0, 0.01, 0.0, 0.0, 0.01, 0.0, 0.01, 0.02, 0.0],
        [0.0, 0.01, 0.01, 0.02, 0.01, 0.0, 0.02, 0.01, 0.01, 0.01],
        [0.02, 0.01, 0.01, 0.0, 0.0, 0.02, 0.0, 0.01, 0.02, 0.01],
        [0.0, 0.02, 0.01, 0.02, 0.01, 0.01, 0.01, 0.0, 0.01, 0.02],
        [0.01, 0.03, 0.0, 0.03, 0.02, 0.01, 0.02, 0.01, 0.0, 0.02],
        [0.01, 0.0, 0.01, 0.01, 0.0, 0.01, 0.01, 0.02, 0.02, 0.0]
    ]
},
"amorlun": {
    "dates": ["2016-05-31", "2016-06-01", "2016-06-02", "2016-06-03", "2016-06-06", "2016-06-07", "2016-06-08", "2016-06-09", "2016-06-10", "2016-06-13"],
    "matrix": [
        [0.0, 0.1, 0.03, 0.0, 0.01, 0.57, 0.1, 0.02, 0.1, 0.57],
        [0.1, 0.0, 0.26, 0.16, 0.18, 0.02, 0.0, 0.04, 0.0, 0.03],
        [0.03, 0.26, 0.0, 0.02, 0.03, 1.14, 0.26, 0.09, 0.25, 1.14],
        [0.0, 0.16, 0.02, 0.0, 0.0, 0.79, 0.16, 0.03, 0.16, 0.79],
        [0.01, 0.18, 0.03, 0.0, 0.0, 0.86, 0.18, 0.04, 0.18, 0.86],
        [0.57, 0.02, 1.14, 0.79, 0.86, 0.0, 0.03, 0.27, 0.03, 0.0],
        [0.1, 0.0, 0.26, 0.16, 0.18, 0.03, 0.0, 0.04, 0.0, 0.03],
        [0.02, 0.04, 0.09, 0.03, 0.04, 0.27, 0.04, 0.0, 0.04, 0.27],
        [0.1, 0.0, 0.25, 0.16, 0.18, 0.03, 0.0, 0.04, 0.0, 0.03],
        [0.57, 0.03, 1.14, 0.79, 0.86, 0.0, 0.03, 0.27, 0.03, 0.0]
    ]
},
"anardi": {
    "dates": ["2016-05-31", "2016-06-01", "2016-06-02", "2016-06-03", "2016-06-06", "2016-06-07", "2016-06-08", "2016-06-09", "2016-06-10", "2016-06-13"],
    "matrix": [
        [0.0, 0.0, 0.0, 0.0, 0.0, 0.0, 0.0, 0.0, 0.0, 0.0],
        [0.0, 0.0, 0.0, 0.0, 0.0, 0.0, 0.0, 0.01, 0.0, 0.0],
        [0.0, 0.0, 0.0, 0.0, 0.0, 0.0, 0.0, 0.0, 0.0, 0.0],
        [0.0, 0.0, 0.0, 0.0, 0.0, 0.0, 0.0, 0.01, 0.0, 0.0],
        [0.0, 0.0, 0.0, 0.0, 0.0, 0.0, 0.0, 0.0, 0.0, 0.0],
        [0.0, 0.0, 0.0, 0.0, 0.0, 0.0, 0.0, 0.0, 0.0, 0.0],
        [0.0, 0.0, 0.0, 0.0, 0.0, 0.0, 0.0, 0.0, 0.0, 0.0],
        [0.0, 0.01, 0.0, 0.01, 0.0, 0.0, 0.0, 0.0, 0.0, 0.0],
        [0.0, 0.0, 0.0, 0.0, 0.0, 0.0, 0.0, 0.0, 0.0, 0.0],
        [0.0, 0.0, 0.0, 0.0, 0.0, 0.0, 0.0, 0.0, 0.0, 0.0]
    ]
},
"anubarron": {
    "dates": ["2016-05-31", "2016-06-01", "2016-06-02", "2016-06-03", "2016-06-06", "2016-06-07", "2016-06-08", "2016-06-09", "2016-06-10", "2016-06-13"],
    "matrix": [
        [0.0, 0.01, 0.01, 0.02, 0.01, 0.02, 0.01, 0.01, 0.01, 0.03],
        [0.01, 0.0, 0.02, 0.04, 0.01, 0.05, 0.02, 0.02, 0.04, 0.02],
        [0.01, 0.02, 0.0, 0.02, 0.01, 0.01, 0.02, 0.01, 0.02, 0.02],
        [0.02, 0.04, 0.02, 0.0, 0.02, 0.01, 0.01, 0.02, 0.0, 0.04],
        [0.01, 0.01, 0.01, 0.02, 0.0, 0.03, 0.01, 0.0, 0.02, 0.01],
        [0.02, 0.05, 0.01, 0.01, 0.03, 0.0, 0.02, 0.03, 0.01, 0.05],
        [0.01, 0.02, 0.02, 0.01, 0.01, 0.02, 0.0, 0.01, 0.01, 0.03],
        [0.01, 0.02, 0.01, 0.02, 0.0, 0.03, 0.01, 0.0, 0.02, 0.01],
        [0.01, 0.04, 0.02, 0.0, 0.02, 0.01, 0.01, 0.02, 0.0, 0.05],
        [0.03, 0.02, 0.02, 0.04, 0.01, 0.05, 0.03, 0.01, 0.05, 0.0]
    ]
},
"apinckney": {
    "dates": ["2016-05-31", "2016-06-01", "2016-06-02", "2016-06-03", "2016-06-06", "2016-06-07", "2016-06-08", "2016-06-09", "2016-06-10", "2016-06-13"],
    "matrix": [
        [0.0, 0.0, 0.0, 0.01, 0.02, 0.0, 0.01, 0.03, 0.0, 0.02],
        [0.0, 0.0, 0.01, 0.01, 0.01, 0.01, 0.01, 0.02, 0.01, 0.02],
        [0.0, 0.01, 0.0, 0.01, 0.02, 0.0, 0.0, 0.03, 0.0, 0.02],
        [0.01, 0.01, 0.01, 0.0, 0.02, 0.01, 0.01, 0.02, 0.01, 0.01],
        [0.02, 0.01, 0.02, 0.02, 0.0, 0.03, 0.04, 0.01, 0.02, 0.01],
        [0.0, 0.01, 0.0, 0.01, 0.03, 0.0, 0.0, 0.04, 0.0, 0.02],
        [0.01, 0.01, 0.0, 0.01, 0.04, 0.0, 0.0, 0.05, 0.0, 0.03],
        [0.03, 0.02, 0.03, 0.02, 0.01, 0.04, 0.05, 0.0, 0.04, 0.0],
        [0.0, 0.01, 0.0, 0.01, 0.02, 0.0, 0.0, 0.04, 0.0, 0.03],
        [0.02, 0.02, 0.02, 0.01, 0.01, 0.02, 0.03, 0.0, 0.03, 0.0]
    ]
},
"aribera": {
    "dates": ["2016-05-31", "2016-06-01", "2016-06-02", "2016-06-03", "2016-06-06", "2016-06-07", "2016-06-08", "2016-06-09", "2016-06-10", "2016-06-13"],
    "matrix": [
        [0.0, 0.08, 0.0, 0.37, 0.37, 0.0, 2.85, 0.0, 0.37, 0.37],
        [0.08, 0.0, 0.08, 0.01, 0.01, 0.08, 2.5, 0.08, 0.01, 0.01],
        [0.0, 0.08, 0.0, 0.37, 0.37, 0.0, 2.85, 0.0, 0.37, 0.37],
        [0.37, 0.01, 0.37, 0.0, 0.0, 0.37, 2.49, 0.37, 0.0, 0.0],
        [0.37, 0.01, 0.37, 0.0, 0.0, 0.37, 2.49, 0.37, 0.0, 0.0],
        [0.0, 0.08, 0.0, 0.37, 0.37, 0.0, 2.84, 0.0, 0.37, 0.37],
        [2.85, 2.5, 2.85, 2.49, 2.49, 2.84, 0.0, 2.85, 2.49, 2.49],
        [0.0, 0.08, 0.0, 0.37, 0.37, 0.0, 2.85, 0.0, 0.37, 0.37],
        [0.37, 0.01, 0.37, 0.0, 0.0, 0.37, 2.49, 0.37, 0.0, 0.0],
        [0.37, 0.01, 0.37, 0.0, 0.0, 0.37, 2.49, 0.37, 0.0, 0.0]
    ]
},
"avico": {
    "dates": ["2016-05-31", "2016-06-01", "2016-06-02", "2016-06-03", "2016-06-06", "2016-06-07", "2016-06-08", "2016-06-09", "2016-06-10", "2016-06-13"],
    "matrix": [
        [0.0, 0.01, 0.01, 0.02, 0.0, 0.03, 0.0, 0.01, 0.02, 0.01],
        [0.01, 0.0, 0.02, 0.01, 0.01, 0.03, 0.0, 0.01, 0.02, 0.0],
        [0.01, 0.02, 0.0, 0.05, 0.01, 0.05, 0.01, 0.02, 0.04, 0.02],
        [0.02, 0.01, 0.05, 0.0, 0.02, 0.02, 0.02, 0.01, 0.01, 0.01],
        [0.0, 0.01, 0.01, 0.02, 0.0, 0.01, 0.01, 0.0, 0.01, 0.01],
        [0.03, 0.03, 0.05, 0.02, 0.01, 0.0, 0.03, 0.01, 0.01, 0.02],
        [0.0, 0.0, 0.01, 0.02, 0.01, 0.03, 0.0, 0.01, 0.02, 0.01],
        [0.01, 0.01, 0.02, 0.01, 0.0, 0.01, 0.01, 0.0, 0.01, 0.01],
        [0.02, 0.02, 0.04, 0.01, 0.01, 0.01, 0.02, 0.01, 0.0, 0.02],
        [0.01, 0.0, 0.02, 0.01, 0.01, 0.02, 0.01, 0.01, 0.02, 0.0]
    ]
},
"bfrente": {
    "dates": ["2016-05-31", "2016-06-01", "2016-06-02", "2016-06-03", "2016-06-06", "2016-06-07", "2016-06-08", "2016-06-09", "2016-06-10", "2016-06-13"],
    "matrix": [
        [0.0, 0.01, 0.03, 0.0, 0.0, 0.01, 0.0, 0.01, 0.02, 0.02],
        [0.01, 0.0, 0.02, 0.0, 0.01, 0.01, 0.01, 0.0, 0.02, 0.02],
        [0.03, 0.02, 0.0, 0.02, 0.02, 0.02, 0.02, 0.02, 0.01, 0.05],
        [0.0, 0.0, 0.02, 0.0, 0.0, 0.01, 0.0, 0.01, 0.02, 0.01],
        [0.0, 0.01, 0.02, 0.0, 0.0, 0.0, 0.0, 0.01, 0.02, 0.02],
        [0.01, 0.01, 0.02, 0.01, 0.0, 0.0, 0.0, 0.01, 0.03, 0.04],
        [0.0, 0.01, 0.02, 0.0, 0.0, 0.0, 0.0, 0.01, 0.02, 0.02],
        [0.01, 0.0, 0.02, 0.01, 0.01, 0.01, 0.01, 0.0, 0.03, 0.04],
        [0.02, 0.02, 0.01, 0.02, 0.02, 0.03, 0.02, 0.03, 0.0, 0.02],
        [0.02, 0.02, 0.05, 0.01, 0.02, 0.04, 0.02, 0.04, 0.02, 0.0]
    ]
},
"bhawelon": {
    "dates": ["2016-05-31", "2016-06-01", "2016-06-02", "2016-06-03", "2016-06-06", "2016-06-07", "2016-06-08", "2016-06-09", "2016-06-10", "2016-06-13"],
    "matrix": [
        [0.0, 0.0, 0.01, 0.0, 0.0, 0.02, 0.0, 0.01, 0.0, 0.04],
        [0.0, 0.0, 0.01, 0.0, 0.0, 0.03, 0.0, 0.01, 0.01, 0.04],
        [0.01, 0.01, 0.0, 0.02, 0.01, 0.06, 0.01, 0.02, 0.0, 0.09],
        [0.0, 0.0, 0.02, 0.0, 0.0, 0.02, 0.0, 0.0, 0.01, 0.03],
        [0.0, 0.0, 0.01, 0.0, 0.0, 0.03, 0.01, 0.01, 0.0, 0.05],
        [0.02, 0.03, 0.06, 0.02, 0.03, 0.0, 0.02, 0.02, 0.04, 0.01],
        [0.0, 0.0, 0.01, 0.0, 0.01, 0.02, 0.0, 0.0, 0.01, 0.04],
        [0.01, 0.01, 0.02, 0.0, 0.01, 0.02, 0.0, 0.0, 0.01, 0.03],
        [0.0, 0.01, 0.0, 0.01, 0.0, 0.04, 0.01, 0.01, 0.0, 0.07],
        [0.04, 0.04, 0.09, 0.03, 0.05, 0.01, 0.04, 0.03, 0.07, 0.0]
    ]
},
"bmullen": {
    "dates": ["2016-05-31", "2016-06-01", "2016-06-02", "2016-06-03", "2016-06-06", "2016-06-07", "2016-06-08", "2016-06-09", "2016-06-10", "2016-06-13"],
    "matrix": [
        [0.0, 0.01, 0.02, 0.01, 0.03, 0.01, 0.03, 0.01, 0.0, 0.02],
        [0.01, 0.0, 0.01, 0.03, 0.01, 0.02, 0.01, 0.03, 0.01, 0.01],
        [0.02, 0.01, 0.0, 0.03, 0.0, 0.03, 0.0, 0.05, 0.01, 0.0],
        [0.01, 0.03, 0.03, 0.0, 0.04, 0.0, 0.05, 0.0, 0.01, 0.03],
        [0.03, 0.01, 0.0, 0.04, 0.0, 0.04, 0.0, 0.06, 0.02, 0.0],
        [0.01, 0.02, 0.03, 0.0, 0.04, 0.0, 0.04, 0.0, 0.0, 0.03],
        [0.03, 0.01, 0.0, 0.05, 0.0, 0.04, 0.0, 0.06, 0.02, 0.0],
        [0.01, 0.03, 0.05, 0.0, 0.06, 0.0, 0.06, 0.0, 0.01, 0.04],
        [0.0, 0.01, 0.01, 0.01, 0.02, 0.0, 0.02, 0.01, 0.0, 0.01],
        [0.02, 0.01, 0.0, 0.03, 0.0, 0.03, 0.0, 0.04, 0.01, 0.0]
    ]
},
"bovan": {
    "dates": ["2016-05-31", "2016-06-01", "2016-06-02", "2016-06-03", "2016-06-06", "2016-06-07", "2016-06-08", "2016-06-09", "2016-06-10", "2016-06-13"],
    "matrix": [
        [0.0, 2.59, 0.0, 2.76, 0.0, 2.59, 0.0, 2.59, 0.0, 0.0],
        [2.59, 0.0, 2.59, 2.44, 2.59, 0.0, 2.59, 0.0, 2.59, 2.59],
        [0.0, 2.59, 0.0, 2.76, 0.0, 2.59, 0.0, 2.59, 0.0, 0.0],
        [2.76, 2.44, 2.76, 0.0, 2.76, 2.44, 2.76, 2.44, 2.76, 2.76],
        [0.0, 2.59, 0.0, 2.76, 0.0, 2.59, 0.0, 2.59, 0.0, 0.0],
        [2.59, 0.0, 2.59, 2.44, 2.59, 0.0, 2.59, 0.0, 2.59, 2.59],
        [0.0, 2.59, 0.0, 2.76, 0.0, 2.59, 0.0, 2.59, 0.0, 0.0],
        [2.59, 0.0, 2.59, 2.44, 2.59, 0.0, 2.59, 0.0, 2.59, 2.59],
        [0.0, 2.59, 0.0, 2.76, 0.0, 2.59, 0.0, 2.59, 0.0, 0.0],
        [0.0, 2.59, 0.0, 2.76, 0.0, 2.59, 0.0, 2.59, 0.0, 0.0]
    ]
},
"bridenour": {
    "dates": ["2016-05-31", "2016-06-01", "2016-06-02", "2016-06-03", "2016-06-06", "2016-06-07", "2016-06-08", "2016-06-09", "2016-06-10", "2016-06-13"],
    "matrix": [
        [0.0, 0.01, 0.06, 0.06, 0.02, 0.01, 0.08, 0.01, 0.01, 0.01],
        [0.01, 0.0, 0.03, 0.03, 0.01, 0.0, 0.04, 0.0, 0.01, 0.0],
        [0.06, 0.03, 0.0, 0.0, 0.02, 0.03, 0.0, 0.02, 0.02, 0.02],
        [0.06, 0.03, 0.0, 0.0, 0.02, 0.02, 0.01, 0.02, 0.02, 0.03],
        [0.02, 0.01, 0.02, 0.02, 0.0, 0.01, 0.02, 0.0, 0.0, 0.01],
        [0.01, 0.0, 0.03, 0.02, 0.01, 0.0, 0.04, 0.0, 0.0, 0.0],
        [0.08, 0.04, 0.0, 0.01, 0.02, 0.04, 0.0, 0.03, 0.03, 0.04],
        [0.01, 0.0, 0.02, 0.02, 0.0, 0.0, 0.03, 0.0, 0.0, 0.0],
        [0.01, 0.01, 0.02, 0.02, 0.0, 0.0, 0.03, 0.0, 0.0, 0.0],
        [0.01, 0.0, 0.02, 0.03, 0.01, 0.0, 0.04, 0.0, 0.0, 0.0]
    ]
},
"btempestad": {
    "dates": ["2016-05-31", "2016-06-01", "2016-06-02", "2016-06-03", "2016-06-06", "2016-06-07", "2016-06-08", "2016-06-09", "2016-06-10", "2016-06-13"],
    "matrix": [
        [0.0, 0.01, 0.01, 0.05, 0.01, 0.01, 0.02, 0.01, 0.01, 0.01],
        [0.01, 0.0, 0.01, 0.05, 0.01, 0.01, 0.02, 0.02, 0.02, 0.02],
        [0.01, 0.01, 0.0, 0.05, 0.02, 0.01, 0.02, 0.01, 0.02, 0.01],
        [0.05, 0.05, 0.05, 0.0, 0.02, 0.02, 0.01, 0.09, 0.02, 0.02],
        [0.01, 0.01, 0.02, 0.02, 0.0, 0.0, 0.01, 0.04, 0.0, 0.01],
        [0.01, 0.01, 0.01, 0.02, 0.0, 0.0, 0.01, 0.03, 0.0, 0.01],
        [0.02, 0.02, 0.02, 0.01, 0.01, 0.01, 0.0, 0.05, 0.01, 0.0],
        [0.01, 0.02, 0.01, 0.09, 0.04, 0.03, 0.05, 0.0, 0.03, 0.03],
        [0.01, 0.02, 0.02, 0.02, 0.0, 0.0, 0.01, 0.03, 0.0, 0.01],
        [0.01, 0.02, 0.01, 0.02, 0.01, 0.01, 0.0, 0.03, 0.01, 0.0]
    ]
},
"cforluniau": {
    "dates": ["2016-05-31", "2016-06-01", "2016-06-02", "2016-06-03", "2016-06-06", "2016-06-07", "2016-06-08", "2016-06-09", "2016-06-10", "2016-06-13"],
    "matrix": [
        [0.0, 1.99, 1.2, 0.0, 0.15, 0.0, 0.16, 0.0, 0.16, 0.15],
        [1.99, 0.0, 0.81, 1.97, 2.56, 2.17, 2.59, 2.17, 2.59, 2.55],
        [1.2, 0.81, 0.0, 1.18, 1.77, 1.38, 1.8, 1.38, 1.81, 1.77],
        [0.0, 1.97, 1.18, 0.0, 0.15, 0.0, 0.16, 0.0, 0.16, 0.15],
        [0.15, 2.56, 1.77, 0.15, 0.0, 0.17, 0.0, 0.17, 0.0, 0.0],
        [0.0, 2.17, 1.38, 0.0, 0.17, 0.0, 0.18, 0.0, 0.18, 0.17],
        [0.16, 2.59, 1.8, 0.16, 0.0, 0.18, 0.0, 0.18, 0.0, 0.0],
        [0.0, 2.17, 1.38, 0.0, 0.17, 0.0, 0.18, 0.0, 0.18, 0.17],
        [0.16, 2.59, 1.81, 0.16, 0.0, 0.18, 0.0, 0.18, 0.0, 0.0],
        [0.15, 2.55, 1.77, 0.15, 0.0, 0.17, 0.0, 0.17, 0.0, 0.0]
    ]
},
"chawelon": {
    "dates": ["2016-05-31", "2016-06-01", "2016-06-02", "2016-06-03", "2016-06-06", "2016-06-07", "2016-06-08", "2016-06-09", "2016-06-10", "2016-06-13"],
    "matrix": [
        [0.0, 0.0, 0.01, 0.01, 0.01, 0.0, 0.01, 0.0, 0.0, 0.02],
        [0.0, 0.0, 0.01, 0.0, 0.0, 0.0, 0.01, 0.0, 0.0, 0.02],
        [0.01, 0.01, 0.0, 0.01, 0.01, 0.01, 0.03, 0.01, 0.01, 0.04],
        [0.01, 0.0, 0.01, 0.0, 0.0, 0.01, 0.01, 0.0, 0.02, 0.04],
        [0.01, 0.0, 0.01, 0.0, 0.0, 0.0, 0.0, 0.0, 0.01, 0.02],
        [0.0, 0.0, 0.01, 0.01, 0.0, 0.0, 0.01, 0.0, 0.01, 0.01],
        [0.01, 0.01, 0.03, 0.01, 0.0, 0.01, 0.0, 0.01, 0.02, 0.03],
        [0.0, 0.0, 0.01, 0.0, 0.0, 0.0, 0.01, 0.0, 0.01, 0.02],
        [0.0, 0.0, 0.01, 0.02, 0.01, 0.01, 0.02, 0.01, 0.0, 0.01],
        [0.02, 0.02, 0.04, 0.04, 0.02, 0.01, 0.03, 0.02, 0.01, 0.0]
    ]
},
"ckinney": {
    "dates": ["2016-05-31", "2016-06-01", "2016-06-02", "2016-06-03", "2016-06-06", "2016-06-07", "2016-06-08", "2016-06-09", "2016-06-10", "2016-06-13"],
    "matrix": [
        [0.0, 0.0, 0.0, 0.02, 0.0, 0.0, 0.0, 0.0, 0.01, 0.0],
        [0.0, 0.0, 0.0, 0.03, 0.01, 0.0, 0.0, 0.0, 0.02, 0.0],
        [0.0, 0.0, 0.0, 0.02, 0.0, 0.0, 0.0, 0.0, 0.01, 0.0],
        [0.02, 0.03, 0.02, 0.0, 0.01, 0.04, 0.02, 0.02, 0.0, 0.02],
        [0.0, 0.01, 0.0, 0.01, 0.0, 0.01, 0.0, 0.0, 0.0, 0.0],
        [0.0, 0.0, 0.0, 0.04, 0.01, 0.0, 0.0, 0.0, 0.02, 0.0],
        [0.0, 0.0, 0.0, 0.02, 0.0, 0.0, 0.0, 0.0, 0.01, 0.0],
        [0.0, 0.0, 0.0, 0.02, 0.0, 0.0, 0.0, 0.0, 0.01, 0.0],
        [0.01, 0.02, 0.01, 0.0, 0.0, 0.02, 0.01, 0.01, 0.0, 0.01],
        [0.0, 0.0, 0.0, 0.02, 0.0, 0.0, 0.0, 0.0, 0.01, 0.0]
    ]
},
"clais": {
    "dates": ["2016-05-31", "2016-06-01", "2016-06-02", "2016-06-03", "2016-06-06", "2016-06-07", "2016-06-08", "2016-06-09", "2016-06-10", "2016-06-13"],
    "matrix": [
        [0.0, 1.72, 1.48, 3.4, 1.08, 1.63, 1.59, 2.68, 1.03, 0.05],
        [1.72, 0.0, 3.17, 2.67, 4.94, 4.38, 3.54, 1.93, 3.22, 0.84],
        [1.48, 3.17, 0.0, 2.38, 0.88, 0.06, 1.02, 1.65, 0.45, 1.51],
        [3.4, 2.67, 2.38, 0.0, 4.1, 3.72, 1.08, 0.75, 2.05, 2.56],
        [1.08, 4.94, 0.88, 4.1, 0.0, 0.94, 1.01, 3.38, 0.42, 1.26],
        [1.63, 4.38, 0.06, 3.72, 0.94, 0.0, 1.24, 3.0, 0.66, 1.76],
        [1.59, 3.54, 1.02, 1.08, 1.01, 1.24, 0.0, 1.65, 0.57, 1.62],
        [2.68, 1.93, 1.65, 0.75, 3.38, 3.0, 1.65, 0.0, 1.32, 1.83],
        [1.03, 3.22, 0.45, 2.05, 0.42, 0.66, 0.57, 1.32, 0.0, 1.06],
        [0.05, 0.84, 1.51, 2.56, 1.26, 1.76, 1.62, 1.83, 1.06, 0.0]
    ]
},
"cmorluniau": {
    "dates": ["2016-05-31", "2016-06-01", "2016-06-02", "2016-06-03", "2016-06-06", "2016-06-07", "2016-06-08", "2016-06-09", "2016-06-10", "2016-06-13"],
    "matrix": [
        [0.0, 0.02, 0.01, 0.04, 0.01, 0.01, 0.02, 0.0, 0.04, 0.05],
        [0.02, 0.0, 0.01, 0.02, 0.01, 0.01, 0.0, 0.02, 0.02, 0.02],
        [0.01, 0.01, 0.0, 0.03, 0.01, 0.0, 0.01, 0.01, 0.03, 0.04],
        [0.04, 0.02, 0.03, 0.0, 0.01, 0.02, 0.01, 0.05, 0.0, 0.0],
        [0.01, 0.01, 0.01, 0.01, 0.0, 0.01, 0.0, 0.02, 0.01, 0.01],
        [0.01, 0.01, 0.0, 0.02, 0.01, 0.0, 0.01, 0.01, 0.02, 0.03],
        [0.02, 0.0, 0.01, 0.01, 0.0, 0.01, 0.0, 0.03, 0.01, 0.01],
        [0.0, 0.02, 0.01, 0.05, 0.02, 0.01, 0.03, 0.0, 0.06, 0.06],
        [0.04, 0.02, 0.03, 0.0, 0.01, 0.02, 0.01, 0.06, 0.0, 0.0],
        [0.05, 0.02, 0.04, 0.0, 0.01, 0.03, 0.01, 0.06, 0.0, 0.0]
    ]
},
"cshipp": {
    "dates": ["2016-05-31", "2016-06-01", "2016-06-02", "2016-06-03", "2016-06-06", "2016-06-07", "2016-06-08", "2016-06-09", "2016-06-10", "2016-06-13"],
    "matrix": [
        [0.0, 0.03, 0.0, 0.02, 0.02, 0.01, 0.05, 0.01, 0.01, 0.01],
        [0.03, 0.0, 0.05, 0.05, 0.0, 0.02, 0.0, 0.03, 0.0, 0.01],
        [0.0, 0.05, 0.0, 0.01, 0.03, 0.02, 0.07, 0.01, 0.02, 0.02],
        [0.02, 0.05, 0.01, 0.0, 0.03, 0.01, 0.08, 0.02, 0.03, 0.02],
        [0.02, 0.0, 0.03, 0.03, 0.0, 0.01, 0.01, 0.02, 0.0, 0.0],
        [0.01, 0.02, 0.02, 0.01, 0.01, 0.0, 0.04, 0.02, 0.01, 0.0],
        [0.05, 0.0, 0.07, 0.08, 0.01, 0.04, 0.0, 0.05, 0.02, 0.02],
        [0.01, 0.03, 0.01, 0.02, 0.02, 0.02, 0.05, 0.0, 0.01, 0.01],
        [0.01, 0.0, 0.02, 0.03, 0.0, 0.01, 0.02, 0.01, 0.0, 0.0],
        [0.01, 0.01, 0.02, 0.02, 0.0, 0.0, 0.02, 0.01, 0.0, 0.0]
    ]
},
"csolos": {
    "dates": ["2016-05-31", "2016-06-01", "2016-06-02", "2016-06-03", "2016-06-06", "2016-06-07", "2016-06-08", "2016-06-09", "2016-06-10", "2016-06-13"],
    "matrix": [
        [0.0, 2.33, 1.6, 0.07, 0.07, 1.54, 1.55, 1.57, 0.73, 1.54],
        [2.33, 0.0, 3.82, 2.28, 2.53, 3.83, 3.34, 3.33, 0.3, 3.7],
        [1.6, 3.82, 0.0, 2.91, 1.86, 0.04, 0.03, 0.01, 2.67, 0.03],
        [0.07, 2.28, 2.91, 0.0, 0.05, 2.89, 2.89, 2.9, 0.72, 2.88],
        [0.07, 2.53, 1.86, 0.05, 0.0, 1.89, 1.88, 1.87, 0.78, 1.87],
        [1.54, 3.83, 0.04, 2.89, 1.89, 0.0, 0.01, 0.03, 2.65, 0.01],
        [1.55, 3.34, 0.03, 2.89, 1.88, 0.01, 0.0, 0.01, 2.49, 0.01],
        [1.57, 3.33, 0.01, 2.9, 1.87, 0.03, 0.01, 0.0, 2.51, 0.02],
        [0.73, 0.3, 2.67, 0.72, 0.78, 2.65, 2.49, 2.51, 0.0, 2.56],
        [1.54, 3.7, 0.03, 2.88, 1.87, 0.01, 0.01, 0.02, 2.56, 0.0]
    ]
},
"cstaley": {
    "dates": ["2016-05-31", "2016-06-01", "2016-06-02", "2016-06-03", "2016-06-06", "2016-06-07", "2016-06-08", "2016-06-09", "2016-06-10", "2016-06-13"],
    "matrix": [
        [0.0, 0.0, 0.0, 0.0, 0.0, 0.0, 0.0, 0.0, 0.0, 0.0],
        [0.0, 0.0, 0.0, 0.0, 0.0, 0.0, 0.0, 0.0, 0.0, 0.0],
        [0.0, 0.0, 0.0, 0.0, 0.0, 0.0, 0.0, 0.0, 0.0, 0.0],
        [0.0, 0.0, 0.0, 0.0, 0.0, 0.0, 0.0, 0.0, 0.0, 0.0],
        [0.0, 0.0, 0.0, 0.0, 0.0, 0.0, 0.0, 0.0, 0.0, 0.0],
        [0.0, 0.0, 0.0, 0.0, 0.0, 0.0, 0.0, 0.0, 0.0, 0.0],
        [0.0, 0.0, 0.0, 0.0, 0.0, 0.0, 0.0, 0.0, 0.0, 0.0],
        [0.0, 0.0, 0.0, 0.0, 0.0, 0.0, 0.0, 0.0, 0.0, 0.0],
        [0.0, 0.0, 0.0, 0.0, 0.0, 0.0, 0.0, 0.0, 0.0, 0.0],
        [0.0, 0.0, 0.0, 0.0, 0.0, 0.0, 0.0, 0.0, 0.0, 0.0]
    ]
},
"cwhaley": {
    "dates": ["2016-05-31", "2016-06-01", "2016-06-02", "2016-06-03", "2016-06-06", "2016-06-07", "2016-06-08", "2016-06-09", "2016-06-10", "2016-06-13"],
    "matrix": [
        [0.0, 0.47, 0.02, 0.0, 0.04, 0.48, 0.47, 0.47, 0.04, 0.03],
        [0.47, 0.0, 0.93, 0.54, 0.08, 0.01, 0.0, 0.0, 1.17, 0.99],
        [0.02, 0.93, 0.0, 0.01, 0.12, 0.93, 0.93, 0.93, 0.0, 0.01],
        [0.0, 0.54, 0.01, 0.0, 0.05, 0.55, 0.54, 0.54, 0.03, 0.02],
        [0.04, 0.08, 0.12, 0.05, 0.0, 0.08, 0.08, 0.08, 0.17, 0.14],
        [0.48, 0.01, 0.93, 0.55, 0.08, 0.0, 0.01, 0.01, 1.18, 0.99],
        [0.47, 0.0, 0.93, 0.54, 0.08, 0.01, 0.0, 0.0, 1.17, 0.99],
        [0.47, 0.0, 0.93, 0.54, 0.08, 0.01, 0.0, 0.0, 1.17, 0.99],
        [0.04, 1.17, 0.0, 0.03, 0.17, 1.18, 1.17, 1.17, 0.0, 0.01],
        [0.03, 0.99, 0.01, 0.02, 0.14, 0.99, 0.99, 0.99, 0.01, 0.0]
    ]
},
"cwhelan": {
    "dates": ["2016-05-31", "2016-06-01", "2016-06-02", "2016-06-03", "2016-06-06", "2016-06-07", "2016-06-08", "2016-06-09", "2016-06-10", "2016-06-13"],
    "matrix": [
        [0.0, 0.03, 0.03, 0.0, 0.01, 0.03, 0.01, 0.01, 0.02, 0.01],
        [0.03, 0.0, 0.0, 0.04, 0.06, 0.02, 0.02, 0.02, 0.03, 0.02],
        [0.03, 0.0, 0.0, 0.04, 0.05, 0.01, 0.02, 0.02, 0.02, 0.02],
        [0.0, 0.04, 0.04, 0.0, 0.01, 0.04, 0.01, 0.01, 0.03, 0.02],
        [0.01, 0.06, 0.05, 0.01, 0.0, 0.04, 0.02, 0.01, 0.02, 0.02],
        [0.03, 0.02, 0.01, 0.04, 0.04, 0.0, 0.01, 0.01, 0.0, 0.01],
        [0.01, 0.02, 0.02, 0.01, 0.02, 0.01, 0.0, 0.01, 0.01, 0.0],
        [0.01, 0.02, 0.02, 0.01, 0.01, 0.01, 0.01, 0.0, 0.0, 0.0],
        [0.02, 0.03, 0.02, 0.03, 0.02, 0.0, 0.01, 0.0, 0.0, 0.0],
        [0.01, 0.02, 0.02, 0.02, 0.02, 0.01, 0.0, 0.0, 0.0, 0.0]
    ]
},
"dcoginian": {
    "dates": ["2016-05-31", "2016-06-01", "2016-06-02", "2016-06-03", "2016-06-06", "2016-06-07", "2016-06-08", "2016-06-09", "2016-06-10", "2016-06-13"],
    "matrix": [
        [0.0, 0.61, 0.0, 0.15, 0.04, 1.11, 0.0, 0.94, 0.28, 0.7],
        [0.61, 0.0, 0.61, 0.05, 0.1, 0.02, 0.61, 0.01, 0.02, 0.0],
        [0.0, 0.61, 0.0, 0.15, 0.04, 1.11, 0.0, 0.94, 0.28, 0.7],
        [0.15, 0.05, 0.15, 0.0, 0.01, 0.14, 0.15, 0.11, 0.01, 0.08],
        [0.04, 0.1, 0.04, 0.01, 0.0, 0.22, 0.04, 0.18, 0.03, 0.12],
        [1.11, 0.02, 1.11, 0.14, 0.22, 0.0, 1.1, 0.0, 0.09, 0.01],
        [0.0, 0.61, 0.0, 0.15, 0.04, 1.1, 0.0, 0.94, 0.28, 0.7],
        [0.94, 0.01, 0.94, 0.11, 0.18, 0.0, 0.94, 0.0, 0.06, 0.01],
        [0.28, 0.02, 0.28, 0.01, 0.03, 0.09, 0.28, 0.06, 0.0, 0.04],
        [0.7, 0.0, 0.7, 0.08, 0.12, 0.01, 0.7, 0.01, 0.04, 0.0]
    ]
},
"dscozzese": {
    "dates": ["2016-05-31", "2016-06-01", "2016-06-02", "2016-06-03", "2016-06-06", "2016-06-07", "2016-06-08", "2016-06-09", "2016-06-10", "2016-06-13"],
    "matrix": [
        [0.0, 0.0, 0.0, 0.0, 0.0, 0.0, 0.0, 0.0, 0.0, 0.0],
        [0.0, 0.0, 0.0, 0.0, 0.0, 0.0, 0.0, 0.0, 0.0, 0.0],
        [0.0, 0.0, 0.0, 0.0, 0.0, 0.0, 0.0, 0.0, 0.0, 0.0],
        [0.0, 0.0, 0.0, 0.0, 0.0, 0.0, 0.0, 0.0, 0.0, 0.0],
        [0.0, 0.0, 0.0, 0.0, 0.0, 0.0, 0.0, 0.0, 0.0, 0.0],
        [0.0, 0.0, 0.0, 0.0, 0.0, 0.0, 0.0, 0.0, 0.0, 0.0],
        [0.0, 0.0, 0.0, 0.0, 0.0, 0.0, 0.0, 0.0, 0.0, 0.0],
        [0.0, 0.0, 0.0, 0.0, 0.0, 0.0, 0.0, 0.0, 0.0, 0.0],
        [0.0, 0.0, 0.0, 0.0, 0.0, 0.0, 0.0, 0.0, 0.0, 0.0],
        [0.0, 0.0, 0.0, 0.0, 0.0, 0.0, 0.0, 0.0, 0.0, 0.0]
    ]
},
"ebello": {
    "dates": ["2016-05-31", "2016-06-01", "2016-06-02", "2016-06-03", "2016-06-06", "2016-06-07", "2016-06-08", "2016-06-09", "2016-06-10", "2016-06-13"],
    "matrix": [
        [0.0, 0.0, 0.0, 0.0, 0.01, 0.0, 0.0, 0.0, 0.0, 0.0],
        [0.0, 0.0, 0.0, 0.0, 0.01, 0.0, 0.0, 0.0, 0.0, 0.0],
        [0.0, 0.0, 0.0, 0.0, 0.0, 0.0, 0.0, 0.0, 0.0, 0.0],
        [0.0, 0.0, 0.0, 0.0, 0.01, 0.0, 0.01, 0.0, 0.0, 0.0],
        [0.01, 0.01, 0.0, 0.01, 0.0, 0.0, 0.0, 0.01, 0.01, 0.0],
        [0.0, 0.0, 0.0, 0.0, 0.0, 0.0, 0.0, 0.0, 0.0, 0.0],
        [0.0, 0.0, 0.0, 0.01, 0.0, 0.0, 0.0, 0.0, 0.01, 0.0],
        [0.0, 0.0, 0.0, 0.0, 0.01, 0.0, 0.0, 0.0, 0.01, 0.0],
        [0.0, 0.0, 0.0, 0.0, 0.01, 0.0, 0.01, 0.01, 0.0, 0.0],
        [0.0, 0.0, 0.0, 0.0, 0.0, 0.0, 0.0, 0.0, 0.0, 0.0]
    ]
},
"edavies": {
    "dates": ["2016-05-31", "2016-06-01", "2016-06-02", "2016-06-03", "2016-06-06", "2016-06-07", "2016-06-08", "2016-06-09", "2016-06-10", "2016-06-13"],
    "matrix": [
        [0.0, 0.82, 0.82, 0.14, 0.82, 0.0, 0.13, 0.0, 0.82, 0.13],
        [0.82, 0.0, 0.0, 0.04, 0.0, 1.03, 0.05, 0.65, 0.0, 0.06],
        [0.82, 0.0, 0.0, 0.04, 0.0, 1.03, 0.05, 0.65, 0.0, 0.06],
        [0.14, 0.04, 0.04, 0.0, 0.05, 0.19, 0.0, 0.1, 0.05, 0.01],
        [0.82, 0.0, 0.0, 0.05, 0.0, 1.03, 0.05, 0.66, 0.0, 0.06],
        [0.0, 1.03, 1.03, 0.19, 1.03, 0.0, 0.18, 0.01, 1.03, 0.17],
        [0.13, 0.05, 0.05, 0.0, 0.05, 0.18, 0.0, 0.1, 0.06, 0.0],
        [0.0, 0.65, 0.65, 0.1, 0.66, 0.01, 0.1, 0.0, 0.66, 0.09],
        [0.82, 0.0, 0.0, 0.05, 0.0, 1.03, 0.06, 0.66, 0.0, 0.06],
        [0.13, 0.06, 0.06, 0.01, 0.06, 0.17, 0.0, 0.09, 0.06, 0.0]
    ]
},
"eedward": {
    "dates": ["2016-05-31", "2016-06-01", "2016-06-02", "2016-06-03", "2016-06-06", "2016-06-07", "2016-06-08", "2016-06-09", "2016-06-10", "2016-06-13"],
    "matrix": [
        [0.0, 0.62, 0.0, 2.36, 0.0, 0.62, 2.37, 0.62, 0.62, 9.59],
        [0.62, 0.0, 0.62, 0.15, 0.62, 0.0, 0.15, 0.0, 0.0, 10.11],
        [0.0, 0.62, 0.0, 2.36, 0.0, 0.62, 2.37, 0.62, 0.62, 9.59],
        [2.36, 0.15, 2.36, 0.0, 2.36, 0.14, 0.0, 0.14, 0.14, 11.67],
        [0.0, 0.62, 0.0, 2.36, 0.0, 0.62, 2.37, 0.62, 0.62, 9.59],
        [0.62, 0.0, 0.62, 0.14, 0.62, 0.0, 0.15, 0.0, 0.0, 10.11],
        [2.37, 0.15, 2.37, 0.0, 2.37, 0.15, 0.0, 0.14, 0.15, 11.67],
        [0.62, 0.0, 0.62, 0.14, 0.62, 0.0, 0.14, 0.0, 0.0, 10.12],
        [0.62, 0.0, 0.62, 0.14, 0.62, 0.0, 0.15, 0.0, 0.0, 10.11],
        [9.59, 10.11, 9.59, 11.67, 9.59, 10.11, 11.67, 10.12, 10.11, 0.0]
    ]
},
"eklinger": {
    "dates": ["2016-05-31", "2016-06-01", "2016-06-02", "2016-06-03", "2016-06-06", "2016-06-07", "2016-06-08", "2016-06-09", "2016-06-10", "2016-06-13"],
    "matrix": [
        [0.0, 0.0, 0.0, 0.0, 0.0, 0.0, 0.0, 0.0, 0.0, 0.0],
        [0.0, 0.0, 0.0, 0.0, 0.0, 0.0, 0.0, 0.0, 0.0, 0.0],
        [0.0, 0.0, 0.0, 0.0, 0.0, 0.0, 0.0, 0.0, 0.0, 0.0],
        [0.0, 0.0, 0.0, 0.0, 0.0, 0.0, 0.0, 0.0, 0.0, 0.0],
        [0.0, 0.0, 0.0, 0.0, 0.0, 0.0, 0.0, 0.0, 0.0, 0.0],
        [0.0, 0.0, 0.0, 0.0, 0.0, 0.0, 0.0, 0.0, 0.0, 0.0],
        [0.0, 0.0, 0.0, 0.0, 0.0, 0.0, 0.0, 0.0, 0.0, 0.0],
        [0.0, 0.0, 0.0, 0.0, 0.0, 0.0, 0.0, 0.0, 0.0, 0.0],
        [0.0, 0.0, 0.0, 0.0, 0.0, 0.0, 0.0, 0.0, 0.0, 0.0],
        [0.0, 0.0, 0.0, 0.0, 0.0, 0.0, 0.0, 0.0, 0.0, 0.0]
    ]
},
"eminto": {
    "dates": ["2016-05-31", "2016-06-01", "2016-06-02", "2016-06-03", "2016-06-06", "2016-06-07", "2016-06-08", "2016-06-09", "2016-06-10", "2016-06-13"],
    "matrix": [
        [0.0, 0.03, 0.05, 0.02, 0.05, 0.04, 0.01, 0.04, 0.03, 0.05],
        [0.03, 0.0, 0.01, 0.03, 0.02, 0.04, 0.01, 0.0, 0.0, 0.02],
        [0.05, 0.01, 0.0, 0.05, 0.0, 0.03, 0.02, 0.01, 0.01, 0.02],
        [0.02, 0.03, 0.05, 0.0, 0.04, 0.01, 0.02, 0.04, 0.03, 0.01],
        [0.05, 0.02, 0.0, 0.04, 0.0, 0.03, 0.02, 0.02, 0.01, 0.03],
        [0.04, 0.04, 0.03, 0.01, 0.03, 0.0, 0.02, 0.04, 0.03, 0.01],
        [0.01, 0.01, 0.02, 0.02, 0.02, 0.02, 0.0, 0.01, 0.01, 0.03],
        [0.04, 0.0, 0.01, 0.04, 0.02, 0.04, 0.01, 0.0, 0.0, 0.03],
        [0.03, 0.0, 0.01, 0.03, 0.01, 0.03, 0.01, 0.0, 0.0, 0.02],
        [0.05, 0.02, 0.02, 0.01, 0.03, 0.01, 0.03, 0.03, 0.02, 0.0]
    ]
},
"emintz": {
    "dates": ["2016-05-31", "2016-06-01", "2016-06-02", "2016-06-03", "2016-06-06", "2016-06-07", "2016-06-08", "2016-06-09", "2016-06-10", "2016-06-13"],
    "matrix": [
        [0.0, 0.0, 0.0, 2.84, 3.09, 0.0, 0.0, 3.1, 2.82, 0.0],
        [0.0, 0.0, 0.0, 2.84, 3.09, 0.0, 0.0, 3.1, 2.82, 0.0],
        [0.0, 0.0, 0.0, 2.84, 3.09, 0.0, 0.0, 3.1, 2.82, 0.0],
        [2.84, 2.84, 2.84, 0.0, 5.83, 2.84, 2.84, 5.84, 0.0, 2.84],
        [3.09, 3.09, 3.09, 5.83, 0.0, 3.09, 3.09, 0.0, 5.81, 3.09],
        [0.0, 0.0, 0.0, 2.84, 3.09, 0.0, 0.0, 3.1, 2.82, 0.0],
        [0.0, 0.0, 0.0, 2.84, 3.09, 0.0, 0.0, 3.1, 2.82, 0.0],
        [3.1, 3.1, 3.1, 5.84, 0.0, 3.1, 3.1, 0.0, 5.82, 3.1],
        [2.82, 2.82, 2.82, 0.0, 5.81, 2.82, 2.82, 5.82, 0.0, 2.82],
        [0.0, 0.0, 0.0, 2.84, 3.09, 0.0, 0.0, 3.1, 2.82, 0.0]
    ]
},
"eorilla": {
    "dates": ["2016-05-31", "2016-06-01", "2016-06-02", "2016-06-03", "2016-06-06", "2016-06-07", "2016-06-08", "2016-06-09", "2016-06-10", "2016-06-13"],
    "matrix": [
        [0.0, 0.01, 0.0, 0.0, 0.0, 0.02, 0.01, 0.0, 0.01, 0.0],
        [0.01, 0.0, 0.01, 0.01, 0.02, 0.01, 0.01, 0.0, 0.02, 0.01],
        [0.0, 0.01, 0.0, 0.0, 0.0, 0.02, 0.01, 0.0, 0.01, 0.0],
        [0.0, 0.01, 0.0, 0.0, 0.0, 0.03, 0.02, 0.01, 0.0, 0.01],
        [0.0, 0.02, 0.0, 0.0, 0.0, 0.03, 0.01, 0.01, 0.01, 0.0],
        [0.02, 0.01, 0.02, 0.03, 0.03, 0.0, 0.01, 0.01, 0.04, 0.02],
        [0.01, 0.01, 0.01, 0.02, 0.01, 0.01, 0.0, 0.01, 0.02, 0.0],
        [0.0, 0.0, 0.0, 0.01, 0.01, 0.01, 0.01, 0.0, 0.01, 0.0],
        [0.01, 0.02, 0.01, 0.0, 0.01, 0.04, 0.02, 0.01, 0.0, 0.01],
        [0.0, 0.01, 0.0, 0.01, 0.0, 0.02, 0.0, 0.0, 0.01, 0.0]
    ]
},
"epavone": {
    "dates": ["2016-05-31", "2016-06-01", "2016-06-02", "2016-06-03", "2016-06-06", "2016-06-07", "2016-06-08", "2016-06-09", "2016-06-10", "2016-06-13"],
    "matrix": [
        [0.0, 0.0, 0.0, 0.0, 2.64, 0.01, 0.0, 2.64, 0.0, 0.0],
        [0.0, 0.0, 0.0, 0.0, 2.63, 0.0, 0.0, 2.63, 0.0, 0.0],
        [0.0, 0.0, 0.0, 0.0, 2.63, 0.0, 0.0, 2.64, 0.0, 0.0],
        [0.0, 0.0, 0.0, 0.0, 2.63, 0.0, 0.0, 2.63, 0.0, 0.0],
        [2.64, 2.63, 2.63, 2.63, 0.0, 2.63, 2.63, 0.0, 2.63, 2.63],
        [0.01, 0.0, 0.0, 0.0, 2.63, 0.0, 0.0, 2.63, 0.0, 0.0],
        [0.0, 0.0, 0.0, 0.0, 2.63, 0.0, 0.0, 2.64, 0.0, 0.0],
        [2.64, 2.63, 2.64, 2.63, 0.0, 2.63, 2.64, 0.0, 2.64, 2.64],
        [0.0, 0.0, 0.0, 0.0, 2.63, 0.0, 0.0, 2.64, 0.0, 0.0],
        [0.0, 0.0, 0.0, 0.0, 2.63, 0.0, 0.0, 2.64, 0.0, 0.0]
    ]
},
"fadair": {
    "dates": ["2016-05-31", "2016-06-01", "2016-06-02", "2016-06-03", "2016-06-06", "2016-06-07", "2016-06-08", "2016-06-09", "2016-06-10", "2016-06-13"],
    "matrix": [
        [0.0, 5.02, 0.0, 0.0, 2.47, 4.24, 5.59, 2.46, 0.0, 0.0],
        [5.02, 0.0, 5.02, 5.02, 7.35, 0.01, 0.02, 7.34, 5.02, 5.02],
        [0.0, 5.02, 0.0, 0.0, 2.47, 4.24, 5.59, 2.46, 0.0, 0.0],
        [0.0, 5.02, 0.0, 0.0, 2.47, 4.24, 5.59, 2.46, 0.0, 0.0],
        [2.47, 7.35, 2.47, 2.47, 0.0, 6.59, 7.9, 0.0, 2.47, 2.47],
        [4.24, 0.01, 4.24, 4.24, 6.59, 0.0, 0.04, 6.58, 4.24, 4.24],
        [5.59, 0.02, 5.59, 5.59, 7.9, 0.04, 0.0, 7.89, 5.59, 5.59],
        [2.46, 7.34, 2.46, 2.46, 0.0, 6.58, 7.89, 0.0, 2.46, 2.46],
        [0.0, 5.02, 0.0, 0.0, 2.47, 4.24, 5.59, 2.46, 0.0, 0.0],
        [0.0, 5.02, 0.0, 0.0, 2.47, 4.24, 5.59, 2.46, 0.0, 0.0]
    ]
},
"fbalas": {
    "dates": ["2016-05-31", "2016-06-01", "2016-06-02", "2016-06-03", "2016-06-06", "2016-06-07", "2016-06-08", "2016-06-09", "2016-06-10", "2016-06-13"],
    "matrix": [
        [0.0, 0.02, 0.01, 0.03, 0.06, 0.01, 0.0, 0.02, 0.04, 0.01],
        [0.02, 0.0, 0.01, 0.01, 0.02, 0.02, 0.01, 0.0, 0.01, 0.0],
        [0.01, 0.01, 0.0, 0.01, 0.03, 0.02, 0.01, 0.01, 0.02, 0.01],
        [0.03, 0.01, 0.01, 0.0, 0.0, 0.04, 0.02, 0.0, 0.0, 0.01],
        [0.06, 0.02, 0.03, 0.0, 0.0, 0.07, 0.04, 0.01, 0.0, 0.02],
        [0.01, 0.02, 0.02, 0.04, 0.07, 0.0, 0.01, 0.03, 0.05, 0.02],
        [0.0, 0.01, 0.01, 0.02, 0.04, 0.01, 0.0, 0.01, 0.03, 0.01],
        [0.02, 0.0, 0.01, 0.0, 0.01, 0.03, 0.01, 0.0, 0.01, 0.0],
        [0.04, 0.01, 0.02, 0.0, 0.0, 0.05, 0.03, 0.01, 0.0, 0.01],
        [0.01, 0.0, 0.01, 0.01, 0.02, 0.02, 0.01, 0.0, 0.01, 0.0]
    ]
},
"fkirchner": {
    "dates": ["2016-05-31", "2016-06-01", "2016-06-02", "2016-06-03", "2016-06-06", "2016-06-07", "2016-06-08", "2016-06-09", "2016-06-10", "2016-06-13"],
    "matrix": [
        [0.0, 0.0, 0.01, 0.25, 0.41, 0.38, 0.05, 0.0, 0.0, 0.53],
        [0.0, 0.0, 0.01, 0.25, 0.41, 0.38, 0.05, 0.0, 0.01, 0.53],
        [0.01, 0.01, 0.0, 0.26, 0.42, 0.38, 0.05, 0.01, 0.0, 0.54],
        [0.25, 0.25, 0.26, 0.0, 0.01, 0.01, 0.03, 0.25, 0.26, 0.01],
        [0.41, 0.41, 0.42, 0.01, 0.0, 0.01, 0.06, 0.41, 0.41, 0.01],
        [0.38, 0.38, 0.38, 0.01, 0.01, 0.0, 0.05, 0.38, 0.38, 0.01],
        [0.05, 0.05, 0.05, 0.03, 0.06, 0.05, 0.0, 0.05, 0.05, 0.08],
        [0.0, 0.0, 0.01, 0.25, 0.41, 0.38, 0.05, 0.0, 0.01, 0.53],
        [0.0, 0.01, 0.0, 0.26, 0.41, 0.38, 0.05, 0.01, 0.0, 0.54],
        [0.53, 0.53, 0.54, 0.01, 0.01, 0.01, 0.08, 0.53, 0.54, 0.0]
    ]
},
"fmata": {
    "dates": ["2016-05-31", "2016-06-01", "2016-06-02", "2016-06-03", "2016-06-06", "2016-06-07", "2016-06-08", "2016-06-09", "2016-06-10", "2016-06-13"],
    "matrix": [
        [0.0, 0.04, 0.02, 0.02, 0.02, 0.02, 0.02, 0.02, 0.01, 0.0],
        [0.04, 0.0, 0.02, 0.03, 0.01, 0.01, 0.02, 0.01, 0.03, 0.04],
        [0.02, 0.02, 0.0, 0.01, 0.01, 0.0, 0.03, 0.01, 0.03, 0.02],
        [0.02, 0.03, 0.01, 0.0, 0.02, 0.01, 0.04, 0.02, 0.03, 0.02],
        [0.02, 0.01, 0.01, 0.02, 0.0, 0.01, 0.02, 0.0, 0.02, 0.02],
        [0.02, 0.01, 0.0, 0.01, 0.01, 0.0, 0.03, 0.0, 0.03, 0.02],
        [0.02, 0.02, 0.03, 0.04, 0.02, 0.03, 0.0, 0.02, 0.01, 0.01],
        [0.02, 0.01, 0.01, 0.02, 0.0, 0.0, 0.02, 0.0, 0.03, 0.02],
        [0.01, 0.03, 0.03, 0.03, 0.02, 0.03, 0.01, 0.03, 0.0, 0.01],
        [0.0, 0.04, 0.02, 0.02, 0.02, 0.02, 0.01, 0.02, 0.01, 0.0]
    ]
},
"fresumir": {
    "dates": ["2016-05-31", "2016-06-01", "2016-06-02", "2016-06-03", "2016-06-06", "2016-06-07", "2016-06-08", "2016-06-09", "2016-06-10", "2016-06-13"],
    "matrix": [
        [0.0, 0.0, 0.01, 0.0, 0.01, 0.0, 0.0, 0.0, 0.0, 0.0],
        [0.0, 0.0, 0.0, 0.0, 0.0, 0.0, 0.0, 0.0, 0.0, 0.0],
        [0.01, 0.0, 0.0, 0.01, 0.0, 0.01, 0.0, 0.01, 0.01, 0.01],
        [0.0, 0.0, 0.01, 0.0, 0.01, 0.0, 0.0, 0.0, 0.0, 0.0],
        [0.01, 0.0, 0.0, 0.01, 0.0, 0.01, 0.01, 0.01, 0.01, 0.01],
        [0.0, 0.0, 0.01, 0.0, 0.01, 0.0, 0.0, 0.0, 0.0, 0.0],
        [0.0, 0.0, 0.0, 0.0, 0.01, 0.0, 0.0, 0.0, 0.0, 0.0],
        [0.0, 0.0, 0.01, 0.0, 0.01, 0.0, 0.0, 0.0, 0.0, 0.0],
        [0.0, 0.0, 0.01, 0.0, 0.01, 0.0, 0.0, 0.0, 0.0, 0.0],
        [0.0, 0.0, 0.01, 0.0, 0.01, 0.0, 0.0, 0.0, 0.0, 0.0]
    ]
},
"gcazar": {
    "dates": ["2016-05-31", "2016-06-01", "2016-06-02", "2016-06-03", "2016-06-06", "2016-06-07", "2016-06-08", "2016-06-09", "2016-06-10", "2016-06-13"],
    "matrix": [
        [0.0, 0.0, 0.02, 0.02, 0.01, 0.0, 0.01, 0.01, 0.0, 0.03],
        [0.0, 0.0, 0.02, 0.01, 0.01, 0.0, 0.02, 0.01, 0.0, 0.02],
        [0.02, 0.02, 0.0, 0.05, 0.04, 0.01, 0.06, 0.02, 0.03, 0.07],
        [0.02, 0.01, 0.05, 0.0, 0.0, 0.02, 0.01, 0.01, 0.01, 0.0],
        [0.01, 0.01, 0.04, 0.0, 0.0, 0.01, 0.01, 0.01, 0.01, 0.01],
        [0.0, 0.0, 0.01, 0.02, 0.01, 0.0, 0.02, 0.01, 0.01, 0.04],
        [0.01, 0.02, 0.06, 0.01, 0.01, 0.02, 0.0, 0.03, 0.01, 0.02],
        [0.01, 0.01, 0.02, 0.01, 0.01, 0.01, 0.03, 0.0, 0.02, 0.02],
        [0.0, 0.0, 0.03, 0.01, 0.01, 0.01, 0.01, 0.02, 0.0, 0.02],
        [0.03, 0.02, 0.07, 0.0, 0.01, 0.04, 0.02, 0.02, 0.02, 0.0]
    ]
},
"gflorez": {
    "dates": ["2016-05-31", "2016-06-01", "2016-06-02", "2016-06-03", "2016-06-06", "2016-06-07", "2016-06-08", "2016-06-09", "2016-06-10", "2016-06-13"],
    "matrix": [
        [0.0, 1.21, 0.0, 0.0, 0.0, 0.0, 0.0, 0.0, 0.0, 0.0],
        [1.21, 0.0, 1.2, 1.2, 1.21, 1.2, 1.2, 1.21, 1.2, 1.23],
        [0.0, 1.2, 0.0, 0.0, 0.0, 0.0, 0.0, 0.0, 0.0, 0.0],
        [0.0, 1.2, 0.0, 0.0, 0.0, 0.0, 0.0, 0.0, 0.0, 0.0],
        [0.0, 1.21, 0.0, 0.0, 0.0, 0.0, 0.0, 0.0, 0.0, 0.0],
        [0.0, 1.2, 0.0, 0.0, 0.0, 0.0, 0.0, 0.0, 0.0, 0.0],
        [0.0, 1.2, 0.0, 0.0, 0.0, 0.0, 0.0, 0.0, 0.0, 0.0],
        [0.0, 1.21, 0.0, 0.0, 0.0, 0.0, 0.0, 0.0, 0.0, 0.0],
        [0.0, 1.2, 0.0, 0.0, 0.0, 0.0, 0.0, 0.0, 0.0, 0.0],
        [0.0, 1.23, 0.0, 0.0, 0.0, 0.0, 0.0, 0.0, 0.0, 0.0]
    ]
},
"hblue": {
    "dates": ["2016-05-31", "2016-06-01", "2016-06-02", "2016-06-03", "2016-06-06", "2016-06-07", "2016-06-08", "2016-06-09", "2016-06-10", "2016-06-13"],
    "matrix": [
        [0.0, 2.59, 0.0, 2.8, 0.0, 2.59, 0.0, 2.59, 0.0, 0.0],
        [2.59, 0.0, 2.59, 2.47, 2.59, 0.0, 2.59, 0.0, 2.59, 2.59],
        [0.0, 2.59, 0.0, 2.8, 0.0, 2.59, 0.0, 2.59, 0.0, 0.0],
        [2.8, 2.47, 2.8, 0.0, 2.8, 2.47, 2.8, 2.46, 2.8, 2.8],
        [0.0, 2.59, 0.0, 2.8, 0.0, 2.59, 0.0, 2.59, 0.0, 0.0],
        [2.59, 0.0, 2.59, 2.47, 2.59, 0.0, 2.59, 0.0, 2.59, 2.59],
        [0.0, 2.59, 0.0, 2.8, 0.0, 2.59, 0.0, 2.59, 0.0, 0.0],
        [2.59, 0.0, 2.59, 2.46, 2.59, 0.0, 2.59, 0.0, 2.59, 2.59],
        [0.0, 2.59, 0.0, 2.8, 0.0, 2.59, 0.0, 2.59, 0.0, 0.0],
        [0.0, 2.59, 0.0, 2.8, 0.0, 2.59, 0.0, 2.59, 0.0, 0.0]
    ]
},
"hcocinaro": {
    "dates": ["2016-05-31", "2016-06-01", "2016-06-02", "2016-06-03", "2016-06-06", "2016-06-07", "2016-06-08", "2016-06-09", "2016-06-10", "2016-06-13"],
    "matrix": [
        [0.0, 0.0, 0.74, 0.0, 0.01, 0.01, 0.0, 0.0, 0.01, 0.0],
        [0.0, 0.0, 0.72, 0.0, 0.0, 0.0, 0.0, 0.0, 0.01, 0.0],
        [0.74, 0.72, 0.0, 0.85, 0.62, 0.61, 0.69, 0.82, 0.57, 0.76],
        [0.0, 0.0, 0.85, 0.0, 0.02, 0.01, 0.01, 0.0, 0.02, 0.0],
        [0.01, 0.0, 0.62, 0.02, 0.0, 0.0, 0.0, 0.01, 0.0, 0.01],
        [0.01, 0.0, 0.61, 0.01, 0.0, 0.0, 0.0, 0.01, 0.0, 0.01],
        [0.0, 0.0, 0.69, 0.01, 0.0, 0.0, 0.0, 0.01, 0.0, 0.01],
        [0.0, 0.0, 0.82, 0.0, 0.01, 0.01, 0.01, 0.0, 0.02, 0.0],
        [0.01, 0.01, 0.57, 0.02, 0.0, 0.0, 0.0, 0.02, 0.0, 0.01],
        [0.0, 0.0, 0.76, 0.0, 0.01, 0.01, 0.01, 0.0, 0.01, 0.0]
    ]
},
"hmies": {
    "dates": ["2016-05-31", "2016-06-01", "2016-06-02", "2016-06-03", "2016-06-06", "2016-06-07", "2016-06-08", "2016-06-09", "2016-06-10", "2016-06-13"],
    "matrix": [
        [0.0, 0.06, 0.02, 0.01, 0.02, 0.02, 0.09, 0.03, 0.03, 0.01],
        [0.06, 0.0, 0.02, 0.07, 0.01, 0.05, 0.0, 0.01, 0.01, 0.06],
        [0.02, 0.02, 0.0, 0.03, 0.01, 0.03, 0.03, 0.0, 0.02, 0.02],
        [0.01, 0.07, 0.03, 0.0, 0.02, 0.0, 0.11, 0.05, 0.03, 0.0],
        [0.02, 0.01, 0.01, 0.02, 0.0, 0.01, 0.03, 0.01, 0.0, 0.01],
        [0.02, 0.05, 0.03, 0.0, 0.01, 0.0, 0.08, 0.04, 0.02, 0.0],
        [0.09, 0.0, 0.03, 0.11, 0.03, 0.08, 0.0, 0.01, 0.03, 0.09],
        [0.03, 0.01, 0.0, 0.05, 0.01, 0.04, 0.01, 0.0, 0.01, 0.04],
        [0.03, 0.01, 0.02, 0.03, 0.0, 0.02, 0.03, 0.01, 0.0, 0.02],
        [0.01, 0.06, 0.02, 0.0, 0.01, 0.0, 0.09, 0.04, 0.02, 0.0]
    ]
},
"iarlotti": {
    "dates": ["2016-05-31", "2016-06-01", "2016-06-02", "2016-06-03", "2016-06-06", "2016-06-07", "2016-06-08", "2016-06-09", "2016-06-10", "2016-06-13"],
    "matrix": [
        [0.0, 0.01, 0.02, 0.0, 0.02, 0.01, 0.0, 0.0, 0.01, 0.0],
        [0.01, 0.0, 0.0, 0.01, 0.0, 0.0, 0.02, 0.01, 0.0, 0.0],
        [0.02, 0.0, 0.0, 0.01, 0.0, 0.0, 0.02, 0.01, 0.0, 0.0],
        [0.0, 0.01, 0.01, 0.0, 0.01, 0.01, 0.0, 0.0, 0.01, 0.0],
        [0.02, 0.0, 0.0, 0.01, 0.0, 0.0, 0.02, 0.01, 0.0, 0.0],
        [0.01, 0.0, 0.0, 0.01, 0.0, 0.0, 0.01, 0.0, 0.0, 0.0],
        [0.0, 0.02, 0.02, 0.0, 0.02, 0.01, 0.0, 0.0, 0.01, 0.0],
        [0.0, 0.01, 0.01, 0.0, 0.01, 0.0, 0.0, 0.0, 0.01, 0.0],
        [0.01, 0.0, 0.0, 0.01, 0.0, 0.0, 0.01, 0.01, 0.0, 0.0],
        [0.0, 0.0, 0.0, 0.0, 0.0, 0.0, 0.0, 0.0, 0.0, 0.0]
    ]
},
"ibarranco": {
    "dates": ["2016-05-31", "2016-06-01", "2016-06-02", "2016-06-03", "2016-06-06", "2016-06-08", "2016-06-09", "2016-06-13"],
